{
  "advancedEditorSelectedIdentifier" : "ShaderGraphEditorPluginID",
  "openSceneRelativePaths" : [
    "Immersive.usda",
    "Untitled Scene.usda",
    "MagnifyingGlassScene.usda"
  ],
  "recentIdentifiers" : {
    "B9213792-A1EE-459E-BDE5-CCBFF7714316" : [

    ]
  },
  "sceneCameraHistory" : {
    "AF09ED6F-1707-48FD-8720-65B998362C09" : [
      {
        "date" : 746391981.787269,
        "title" : "Untitled",
        "transform" : [
          0.99999994,
          0,
          -0,
          0,
          -0,
          0.8660256,
          -0.49999955,
          0,
          0,
          0.49999955,
          0.8660256,
          0,
          0,
          4.0521417,
          4.901177,
          1
        ]
      }
    ],
    "B9213792-A1EE-459E-BDE5-CCBFF7714316" : [
      {
        "date" : 746414211.108466,
        "title" : "Untitled",
        "transform" : [
          0.96161306,
          -4.8375135e-09,
          0.27440917,
          0,
          0.0069702673,
          0.9996774,
          -0.024425916,
          0,
          -0.27432066,
          0.025400972,
          0.9613028,
          0,
          -0.13588968,
          0.40807557,
          0.51105195,
          1
        ]
      },
      {
        "date" : 746413750.231181,
        "title" : "Untitled",
        "transform" : [
          0.96161306,
          -4.8375135e-09,
          0.27440917,
          0,
          0.0069702673,
          0.9996774,
          -0.024425916,
          0,
          -0.27432066,
          0.025400972,
          0.9613028,
          0,
          -0.31969765,
          0.37414804,
          1.2022998,
          1
        ]
      },
      {
        "date" : 746413728.6236,
        "title" : "Untitled",
        "transform" : [
          0.9911598,
          1.15770935e-10,
          0.13267362,
          0,
          0.052408893,
          0.9186721,
          -0.39152914,
          0,
          -0.12188355,
          0.3950212,
          0.91055083,
          0,
          -0.11549079,
          0.8139175,
          1.0323567,
          1
        ]
      },
      {
        "date" : 746413700.639613,
        "title" : "Untitled",
        "transform" : [
          0.9963602,
          2.9691424e-10,
          0.08524273,
          0,
          0.010300873,
          0.9926718,
          -0.1204018,
          0,
          -0.08461807,
          0.12084164,
          0.9890587,
          0,
          -0.0967065,
          0.69149345,
          0.86444646,
          1
        ]
      },
      {
        "date" : 746413698.689059,
        "title" : "Untitled",
        "transform" : [
          0.9963602,
          2.9691424e-10,
          0.08524273,
          0,
          0.010300873,
          0.9926718,
          -0.1204018,
          0,
          -0.08461807,
          0.12084164,
          0.9890587,
          0,
          -0.08469723,
          0.6132241,
          0.7570972,
          1
        ]
      },
      {
        "date" : 746393544.492866,
        "title" : "Untitled",
        "transform" : [
          0.9963602,
          2.9691424e-10,
          0.08524273,
          0,
          0.010300873,
          0.9926718,
          -0.1204018,
          0,
          -0.08461807,
          0.12084164,
          0.9890587,
          0,
          -0.064891055,
          0.5432139,
          0.54813594,
          1
        ]
      },
      {
        "date" : 746393530.494754,
        "title" : "Untitled",
        "transform" : [
          0.9986506,
          3.1489597e-10,
          -0.051932424,
          0,
          -0.0060168286,
          0.9932656,
          -0.115702465,
          0,
          0.05158269,
          0.11585881,
          0.99192536,
          0,
          0.010838211,
          0.540441,
          0.55367804,
          1
        ]
      },
      {
        "date" : 746393524.735347,
        "title" : "Untitled",
        "transform" : [
          0.9986506,
          3.1489597e-10,
          -0.051932424,
          0,
          -0.0060168286,
          0.9932656,
          -0.115702465,
          0,
          0.05158269,
          0.11585881,
          0.99192536,
          0,
          0.097709395,
          0.04586751,
          0.6329967,
          1
        ]
      },
      {
        "date" : 746393519.583202,
        "title" : "Untitled",
        "transform" : [
          0.9953636,
          3.3856845e-06,
          -0.09618428,
          0,
          -0.0023243185,
          0.99970883,
          -0.02401801,
          0,
          0.0961562,
          0.024130186,
          0.9950737,
          0,
          0.072699316,
          0.07990847,
          0.4709723,
          1
        ]
      },
      {
        "date" : 746393450.839405,
        "title" : "Untitled",
        "transform" : [
          0.9953636,
          3.3856845e-06,
          -0.09618428,
          0,
          -0.0023243185,
          0.99970883,
          -0.02401801,
          0,
          0.0961562,
          0.024130186,
          0.9950737,
          0,
          0.07354491,
          0.08083792,
          0.4764504,
          1
        ]
      }
    ],
    "D634BB83-5A43-4805-86EB-66D70441ADF3" : [
      {
        "date" : 746391992.309138,
        "title" : "Untitled",
        "transform" : [
          0.99999994,
          0,
          -0,
          0,
          -0,
          0.8660254,
          -0.49999994,
          0,
          0,
          0.49999994,
          0.8660254,
          0,
          0,
          0.23345083,
          0.40434873,
          1
        ]
      }
    ]
  },
  "selectedSceneRelativePath" : "MagnifyingGlassScene.usda"
}