{
  "advancedEditorSelectedIdentifier" : "ProjectBrowser",
  "openSceneRelativePaths" : [
    "Immersive.usda",
    "MagnifyingGlassScene.usda"
  ],
  "recentIdentifiers" : {
    "B9213792-A1EE-459E-BDE5-CCBFF7714316" : [

    ]
  },
  "sceneCameraHistory" : {
    "AF09ED6F-1707-48FD-8720-65B998362C09" : [
      {
        "date" : 746391981.787269,
        "title" : "Untitled",
        "transform" : [
          0.99999994,
          0,
          -0,
          0,
          -0,
          0.8660256,
          -0.49999955,
          0,
          0,
          0.49999955,
          0.8660256,
          0,
          0,
          4.0521417,
          4.901177,
          1
        ]
      }
    ],
    "B9213792-A1EE-459E-BDE5-CCBFF7714316" : [
      {
        "date" : 746992532.367815,
        "title" : "Untitled",
        "transform" : [
          0.9997765,
          2.8083562e-09,
          -0.02114317,
          0,
          -0.0059165186,
          0.96004915,
          -0.279769,
          0,
          0.020298453,
          0.27983156,
          0.9598345,
          0,
          0.015400244,
          0.56527513,
          0.78594136,
          1
        ]
      },
      {
        "date" : 746814732.692067,
        "title" : "Untitled",
        "transform" : [
          0.9997765,
          2.8083562e-09,
          -0.02114317,
          0,
          -0.0059165186,
          0.96004915,
          -0.279769,
          0,
          0.020298453,
          0.27983156,
          0.9598345,
          0,
          0.015485803,
          0.56841564,
          0.7903078,
          1
        ]
      },
      {
        "date" : 746814660.881685,
        "title" : "Untitled",
        "transform" : [
          0.9266166,
          3.136794e-09,
          0.37600768,
          0,
          -0.022671098,
          0.9981807,
          0.05586967,
          0,
          -0.3753236,
          -0.06029427,
          0.92493075,
          0,
          -0.28506127,
          0.2999665,
          0.6992284,
          1
        ]
      },
      {
        "date" : 746814613.778016,
        "title" : "Untitled",
        "transform" : [
          0.99876344,
          -3.0676341e-09,
          -0.049715653,
          0,
          -0.017645895,
          0.9348904,
          -0.35449767,
          0,
          0.04647865,
          0.35493657,
          0.9337343,
          0,
          0.029941432,
          0.5968274,
          0.62619406,
          1
        ]
      },
      {
        "date" : 746814581.29191,
        "title" : "Untitled",
        "transform" : [
          0.99963915,
          -4.563739e-09,
          0.026863227,
          0,
          -0.0033201685,
          0.9923327,
          0.123551,
          0,
          -0.02665729,
          -0.12359563,
          0.99197465,
          0,
          -0.0069922153,
          0.35516864,
          0.6556054,
          1
        ]
      },
      {
        "date" : 746814347.287354,
        "title" : "Untitled",
        "transform" : [
          0.96251124,
          -5.1510165e-09,
          0.27124196,
          0,
          0.056211125,
          0.978291,
          -0.19946705,
          0,
          -0.2653536,
          0.20723607,
          0.94161606,
          0,
          -0.13966914,
          0.5579989,
          0.53478116,
          1
        ]
      },
      {
        "date" : 746414211.108466,
        "title" : "Untitled",
        "transform" : [
          0.96161306,
          -4.8375135e-09,
          0.27440917,
          0,
          0.0069702673,
          0.9996774,
          -0.024425916,
          0,
          -0.27432066,
          0.025400972,
          0.9613028,
          0,
          -0.13588968,
          0.40807557,
          0.51105195,
          1
        ]
      },
      {
        "date" : 746413750.231181,
        "title" : "Untitled",
        "transform" : [
          0.96161306,
          -4.8375135e-09,
          0.27440917,
          0,
          0.0069702673,
          0.9996774,
          -0.024425916,
          0,
          -0.27432066,
          0.025400972,
          0.9613028,
          0,
          -0.31969765,
          0.37414804,
          1.2022998,
          1
        ]
      },
      {
        "date" : 746413728.6236,
        "title" : "Untitled",
        "transform" : [
          0.9911598,
          1.15770935e-10,
          0.13267362,
          0,
          0.052408893,
          0.9186721,
          -0.39152914,
          0,
          -0.12188355,
          0.3950212,
          0.91055083,
          0,
          -0.11549079,
          0.8139175,
          1.0323567,
          1
        ]
      },
      {
        "date" : 746413700.639613,
        "title" : "Untitled",
        "transform" : [
          0.9963602,
          2.9691424e-10,
          0.08524273,
          0,
          0.010300873,
          0.9926718,
          -0.1204018,
          0,
          -0.08461807,
          0.12084164,
          0.9890587,
          0,
          -0.0967065,
          0.69149345,
          0.86444646,
          1
        ]
      }
    ],
    "D634BB83-5A43-4805-86EB-66D70441ADF3" : [
      {
        "date" : 746391992.309138,
        "title" : "Untitled",
        "transform" : [
          0.99999994,
          0,
          -0,
          0,
          -0,
          0.8660254,
          -0.49999994,
          0,
          0,
          0.49999994,
          0.8660254,
          0,
          0,
          0.23345083,
          0.40434873,
          1
        ]
      }
    ]
  },
  "selectedSceneRelativePath" : "MagnifyingGlassScene.usda"
}